$ANSIBLE_VAULT;1.1;AES256
36373731396365643461343766353863303564383034373230643766303063616137303831363330
3631326233376138653036666664306539613361303263360a336131376134663536303733313530
35623035383034363065323435336464646332636263643766303431663766646463653166643535
3836646161643361360a383566326537383435383364373335306630346636303738306264376237
30656539633561666364626266616266656230323038366165396438626638646334626236353937
34653430616135613461626465303133643034386465396438373538366264663934306332653166
64666265663638623064323434616233643061393434323136386363326661363866313935643864
61366538646631373530643233353836643434306134393136333463346234363562626161653361
61626436613538616239343466376166353662396637613038663632373134663263363536393361
61646432363239326333383637666164333933623432316261393765643163653462643261393139
32343564393634646139613338303335633763323033623639663637623964663038396365303630
32346538326437333231373839303465626165386332373838646232373033356633346231393663
31326265373036356363383439653361316264623265313836363939393534326337376237613035
35646534303637643262633434303661316136653565383737323466633865616638313330366531
36623532363930633337323731663663306331633239323137323466316632626531303338613935
35313531393466363634343336303830356336373438666266623435653539366536656330343830
37656437313335643466383564666632643662303366623964323932393731393234626261633366
64303663316363386236633165366534653936373566353337633661653761633739376330613131
35666132306635653932626464626430626432663335323632326439613432336230623761303037
31646633343561353462336637633732306363643962613566383732373235643939363162613361
36666232313531633163313434633964333064636630663833346434383135313762303936623237
36343633356363363935353034353761353230306230333133363935646636336133373439386233
63326564623966303561316238363732613365323665323331636165343965383163333063336532
31376338663231353039313938663963336466323733656238373638346230313164663637343261
32346432626432323961626464633265396133376236313736383039326237343339326331343738
35393765626638626639383636313438356364363966653130613237613530333131313330663331
61633932343966343832353264666661393636333431336361623066363265623866633433373832
34386539343331646536363335356263666630636364356439373732363566653563313563346534
33376463616439626237353537313363363830626464613037363964376437623465333938356239
34346533623133366236663532353538383164643839373236363266393563356566383966633065
33376461633739646631633639386461353539323962343532363335336561633937323636653966
66353565383661643761643165656562356330653062383065336461363439616633623434353030
31623930343165656334656365626266393662666234666539626132633762353332653963393532
33323330343333343539623532623438636266373331386663633565393236633533646133393365
36626266326166306163393332373830366236353661346339636538613533313637316465303163
66333135646264303064636362613639613933353936363134643464366133316536393564653833
37393238316233386362356336343535626662396634393539633539323935333538373130323635
64303335653035313063643135616132653132636263613063626131386637663333373038346137
64623633343637376338626434656665643836613138363839626163353566353030393432666638
30393064636336633465383839316539376464396131323966663834623262626135326434336266
31643339303364633062616230646335393965386561356366356463346364623466653036613532
32353334323663356339663236353333643833623937316261613062396161643866363631393438
32636235383466623661666535613330306636643930366338393739316161373034303463643635
32393761633336396333323238623936376135313566383232373262626635616465613838323463
65303130393133643630386366393334633162666436323036613233636534383134363366373831
63656238383835383961653936316336393266383634653361616239666464373238326461303530
62393537346133623336626439626438353235323131656537343035336536323931653666653263
31306263653861343735323432326361653039623736623865326464353531313038343733306361
63643537376533646332353963356132653532636437316430376239373533346434666137386338
34393935323134643265663930656530663839313864313935613530643634373035393364646566
37336136393630666431633064393739626661363365393635663162623736616539623931616232
37646634353739666537346232363732326664353830313636393162306332313937656436623061
37633235613636373063306266613335356637393966666631643138646366613866303539346434
65623236656465346130613934393239663564393539383335666234376564316238393163613661
31376135353633373937393031333532306364373065636162393534333463636532363162366237
39643739633433396536623261373262333362383930343934663035363163373236633538646565
32346136626635373431663732383865323930376363366338373534643031623464313535663435
32303034666662356563633535326265326337653732383334636263613238633763303166633937
35633932333436326666333736666531666333633032363638633330376366396363653634373333
62326232346338663834656366643938643537306633376165616637616463643733626131373662
39343761336238663533346361313966376231666139333333393838323238333964333238363161
32373133323932346538373030373437393336666265383839373566376130386534353262653639
33373930636632626165626237616235376139373937323663363466323933346138633736353537
36343034343333663262343433353332656361306466353064313238323839393864633736656338
37373333393261333635363161396133313362326434316534356362393565353964643362663230
66386663393135303430663435303830653966666337383936346438336335623965386264303462
34373934313237623738303563333334666138333531346331663362636136646562643836663235
61393734376466623936306530636230373232393437366131303939626134636232363739323831
66656665656466666335303132616337393239613863386539386365643862393933316564663131
38386663653965653432366663393166316637353834343138316363363964336138663439323536
38643132653537346463386363353537366264356334383063623362663431393033326534396130
36663961383539366262333161653264383163663839643563383464356666366533353030383762
35366530356339333964383136643938623930633837623033633363663563303739383137333432
64616137353065666631386335616339656265356162313832633762303661393466663038613766
61363731306432663734663263643737353831663731376465633163353735373537323063306230
36313535626634616663393062303363336561356264303361383031653636386330613333613635
66313431636665346163633664323937383632343331656333366332383539356132363463363636
64393165323730623362373764326332363235373332626164333839653833333035393364353933
33636335656538313930303836393132636633623532666336343938663039616239343438386636
34366564353138333138616332623036396236306235303862393461646331386339386538376165
39393233616634303231343865393462636162326662343234346136663930353164643339356638
38333239383638366566653939636135386438373563613235363132313865343664666438613935
33613435343966313131346436366664306131386231376265386333396337313034313032393564
63356238326437313030313337336661613034633930656362373232386139646466336630393466
31393937666564623966313739356535633330346633636638666263366433313231376237323036
35383037623735656265363963313263623161363466616463336163653263333638386336316232
31636562373865386432306630383139643133626130613534616337623638666534346565303731
33373433616538363137
