$ANSIBLE_VAULT;1.1;AES256
35306361356235363236323766316239633736646162653032373730666430393431656239306335
6666333330366262613635653032623332613532656332340a303261383130383932393137333161
38383939323661626535306132366435643065343733616638303865353630316331366462356332
3132386661623366610a663461326330626564376131353561663065393032616537313762646630
35643034323630666239366436623533363137643836376333383663393066326530346361393762
36353835333835303134303062656237653066643332623738356566633464623130323133333832
32353132383165613131623063393834656432633862356537613961323438363430363730626631
36323063653639623464666436303433633631323639653933396331376135313163353166656365
66623334373930326531316439633662363762336333306661313765356338333230333933616437
64396139663430323839316533643132636430623031396436306665383265383831666638656531
33313933323663323433613639306266623132363664643233643562623136393934343830353133
61646363633436303462306263336666623235663837646266626332343836333231616666643264
63386231313266303832333034393061653032616231613533343564323038326665366331666662
34613264353238616131626362343139373465383233303862623462303365316139613338396433
30386639643364646661323230396533326533336634653236326533356134303033303130353533
34656165636665323238303032613334346665353033376566643533353263376438303261386436
34346665316637313633343336663733653364333061393963303666656434623365393861643234
33316263366261386334663064333961383234636466666631373037303435643631376165366536
37316362613264376466303263306466393731633838613638393636363535633235383762373365
62393733396239363434303961646563646530613730623530626362666631306632376235323435
66626134366531643132333237303135643735653631646438396132383934313764323432343932
61656630643739643263343361393235376266393538343166313238646532386262396230333833
64316632636532626165383763613863313637633865333833633663613339396661633464393632
38653764643237316362663261646631643934366363643731626361643831356564656338326237
33333232333931373839323763623861613137643561313461356362376635613733333330346534
31383361613635303630326163333265316165623933333430383834313862613330316632333239
31353933636665666561653139383439316237663063303134643938366264646365616264316139
61363339356533636364643161663734626462383566353539616365373363343462313534656533
62356437336133356232383837656234333537336635376333336132613432386531633462366538
34323937316138333539663664343631373531376665303463616635386463303832366561623063
35623534323538383231623664613763363566323365306238643238383661643864623166636231
37363336663732393562326233383232643435323038373361383632333066363863353366636330
38396265353061663062313031333461353866383934613964356335376135626662323761383066
34326561336335353733623735616439343763646434613464306366396532333461663534303062
39336236323133633033373534346436663134613063643630383630306333633232376135353034
62613231666336666263656233666333643334323534356434633434376337626266626361656164
31306262326464346438313830393235636533366135653931613033393165383739333161356161
34313761623665613366383662356439313139653637393464653037636466623335653730663061
30323436353736653731313635643961326435643737326235356663383063336330316332646638
66363535306366353564626531353063623633636464336133316230616133656637656265313066
33373465343135626466383531313838396535303635353863366136373762623839306431633533
65366635316632623533363631626363613634323463306231336539333238613966373965656230
65343766626637313161623233323263363232393061626532623437626432666565326366323935
35336665613334623430386562366364663634386634393565653863353239633038353830313962
63323038316236633131656635303638626466646533346463653530326431303032613037616330
35373638393237656630336462373364383262346339656236643865633434343239316366643537
30643335666636393234303266393765303336643738343431663231396439353135356539613532
32333161663739643263353437366534653561313836646662333963646132316337326334313032
63346261373064393866343666656333343566323436306463336137303638303730383766306635
39663034643338303964356335656234626538343138363561323934356333393436383233643166
32353664663535373536633538313932343264626230663264353062636132353762323364353862
35666333633464376264363932323666393031343132393433376436633439616331323930613137
38646239343530383534313166663664373661373065326565636661323430663333623634333933
37333336366664636236613462383064326131376239343530663136643538646436646630643962
63613833663063363765323634396531313034353030653766666137633138616131626238663738
30376165386431636562316439306639373434393236366464303836333163306165343366323533
62333732323633633131353265613539363335653438396535373962663762336164633338326531
65393232343538613031373464313461643834633466626336653938633439373866616262613137
62616461656234336166646332363935353665396439376132633935383366386330626362623934
39323762363661623436333836346662303439663164653236666637626463346332336331656133
35366534333037313266313365313362303230616434643433366637356431373537363362646237
30303432616266656439393964613033616439386266383465333737666562616262356337393837
33616134623262633536333464306133613739396463633434393935646432613331343434653166
36616263363463303331363038646162366265643437666431666232633361313066383337373664
36313836643339303436643532623764386365353439313366613538313831356435363864306435
65366562306664343334373337396132616466343631363266663333613336343631636635333333
31356231633661346633373235616436323965613865306664303435366134386635663464343839
63336566366136383337636430383163373030363430363834373866333135363533326334356562
38396664663533343332666635393461623065386663323435396637353963323132333733663438
61653462313064383930396261316461383831353532656365666537323763356635303231626564
32633166333732623366393264303637653563346533383436393531363038356334383137376664
66303939646532326166373037373666346462663062383162663034383964313330616134333236
35396636303863353236366363356531323162313739356337323733353464323065663864663135
37326432373739346666663836616230353234323965393362656238636461386431326233656133
31343931623730383165346330383864373532616132343430393533313833333831643132636233
32333637633166323164643835396439656434616631643030313330333435393762373466636264
35356665366566636662346561653036356234636636613636313938636436303332306139343036
34663436373637646634363830643965646632633737623231363861336131393037303064383034
33643730386564663331373363323038383237626336316566666533366665643166613631663432
65363162333762643566613638643732653836316334396638636234386139393738386465343365
61323931303466366363626561393461393834333833656363323831306366666663383666366235
39323262626663393262353435393238346134306535303732383030353263616163643664613331
63636364383837663062356564653536613963333766626632363662366464666234333435636464
36636462303234656435306635353462316661356130666461376130326135356238616137343739
66636561316639343762356163366664396564666634623737616635373465623466313236626564
31323534356565636566383237626262626464343535323062383930323735373739376338303061
63656638363634613438663532323163623333616330346562303365393631643130636430663764
35303330626233656661
