$ANSIBLE_VAULT;1.1;AES256
35386431313332356363393562316566323539313238366663303464616331616639363761396638
3737613034363965313833646635393532663064326439340a303264306339303939666433333030
31636364366365653563643263376661663035643931303864663064386331626464646636366335
3530643932643761350a336232663436616235313739663931653963633331643265653939373537
35316665653634366133373836386430613035376239363733393863316561363030373832363731
34633438636661636139616639316139656538383839363662353532393765353866353962303965
37303766313934363961653635356661666266326639316533626231346164323362383663643338
62643031343964636665633962363330363638393930666265376137326338363266303033653238
31656237663163306439326636343431313064626162616563306663303134373462326436373036
31326632396630626538313435313135643531373061306630356236373365356263386234336466
34626233353466643134376364376361373361383864356331396131323434666639353337356366
30383934313530386261366433353938323037653938323262323964373832643939326462623930
38653661336638626336373030626531316165636164386533393333373363306464623261383966
66343936316361326263316331386132333961616531636564326638663834643837663731666261
32383631326130363661393062313439383832396331306264303662393061346661663730326235
66323265346263643166326334306235356231373863656433376437383134666536316233623634
63393261313336373763333937353436623761316262633531633634336439346166303337393238
64336332306664356564646465626437383938376163376465613233633364393330316536636137
32396135633863666138343162353263626639313232613435376136333632633839643063643231
65343830316432346461653831313535386638333937336564636338613337363630316164383433
33333135343336343238313036666262376534653337383336303233353539613465326136323838
66373365646436383137373763363966613936393438616661396566303664373432343862336465
30633332393133343532663839356364393839633261626131383465336230393434343938383265
66663264613135613738643533386665663239376466663736643965363063336530393737633638
39386337383734613662613537623632306638393637623666333066373336313633616166356231
35376631623566666365613530663364633663396638396430613463613566643464383939386236
65376661666362363065303538633330626437323566653839646662343263643839646434626465
33363531356430383039646163386338313839623635303136393534626434653935383239363138
61373664623035613233326561373336386335306136353535393463613462356534343032383764
64633439613536663463666132323833333530386235393364343337303334356461616231353736
66633663396634303862313432656361663164646436613365343363653362646433383733633130
65303236376631623539336538386338613766616339343230663432656361313231633430363764
39373038613666626237363736303731633535396634396638326333633164623361303966333039
36366362386638343234653161383831666633663163653239646239633366363433386565366235
64636639616164363433323739373332376135653233313033316330386566303866303239656238
64323637663165656162326263303933666230383035643936353962343263313939346263386137
65636238363635316233353338663138356464366461373633633134356165323336353436373134
33356331346538613337633134353562353632336138306562613964393962633131623963626662
32383234643563303136303365313666376262396361356464323232633862353437663633663134
33396630323034336534336533383065353433363939316664376465636231313137356531336237
61626536383831306165616561366637353735666631363530643934363562313239393738616464
32376264363133373934353834386265383933623330313730313330623563623831613034626463
62366632643437343261666163386566376434323530643065636333336531393062363834396632
65643465383330633965646562353438626266313266373365396636643732626537396131306663
36306430613662646431343339653132656332323132303531656135343465633165613165373132
64633064393338366566356338626538316539626132366562323336333662353161306361356237
62653062663836383637643437396631313939303661636661346238393364666437326635326236
37663437376630636466613334623633313732356665336466373734643032323832623332346536
30333166323137353362393765663535633634303566343235626263663532376531663565336563
65326431663335666335643737303764383763343162303164313563316432393730343530366338
38366134663533383630313531313832643663386461643163333134323936376361323962356333
35623430656430373066366233656466353462613066643635386364376331616237366264396664
36373136313562613039373331353138326561373038356230616639623964386161326261616362
39343237613938303663316437376334663533383037666162353032626631333665656538343133
36306331373464393061396537326632363437356538613136366564633139306661303361366465
63323630313639313037336363356161353463336262393531323938303639383538343030373839
62396230366431646135383331616537643134353138313162663032393039306463633135623339
33373631333630373338336563666138643966303064306235303832333639633531613565616461
65383537363164383535616238666237653764323265616266363764303763373634343030623534
32323134613336616139663364353161656533336462663263303830333135623437393462653732
64393437366633666638653936663065643464646534643363613732366539613631333136313263
34636166663961386130393735623661343663663664636334653037616431646165303536323830
35373731613464313736636665633966653835393130396637376633653634613439363235653035
64643634326365656566353632616633643061666631646530303633353834353739336361653233
30646262346431316563376161366161386563656637643761636362316137356237643433623136
37616466373538333666383330653037366435386437353934366431323861613937646332666531
34626265393932616535313336353430393361363166306265373038343036326261656264636639
62326537393835623939303161633266333764636464396532306266626138366430653566353062
33346134396261623234643438663463393365326461613439343032363039306437656531666564
62656436323139376465353738356664353864643039316633393361653464333430323130666163
31343463393137323239623535333935626565386430356133643066353962366566353339636664
34323363356235396631303039326463336633643636643631303265356632383732326632333263
38316461356165616533393639306236616232356631363766356139623165636234656435623231
64303834323835303235393630386461386339373963373435346162623236616631343631376136
30366364616262613333376566386364613735356266323230346136353562376263333339303362
37356562333263393737633632626131323661353835363566396537613366313230393130323161
32383732363536656666303530383163316434316663616232373232633931306133313536363234
33306531326562626238373236336338613735636337373637633036353862363735313066336538
35346635386661656332346333343233613034616534356632323765663635663933663233626638
34633634393931616633333066383363383932396230346537383932386539616630386661356464
65623830363432373766376261326536396566346130383037636637323035616332636365366233
36316664663963313162396565316262666234646363643739306535666163323164646564646537
61333233333365346163623262353631383239303331666163646230333366326565656130623030
62323939363032626466376163393661626536333335396565343538353064643665303338313266
61656565336538323631383236626333313637646334393033616131653061633930353264376231
66646333383637356432316262643732613630333365386634643531383164303338313632626262
62623563636435366637386335623332643630666439616463616233333733643532363561356632
65303632646435386639
